# Blender v3.5.1 OBJ File: 'gun.blend'
# www.blender.org
o Cube
v 0.465777 3.668889 -1.000000
v 0.465777 0.288900 -1.000000
v 0.465777 3.668889 1.000000
v 0.465777 0.288900 1.000000
v -0.465777 3.668889 -1.000000
v -0.465777 0.288900 -1.000000
v -0.465777 3.668889 1.000000
v -0.465777 0.288900 1.000000
vt 0.875000 0.500000
vt 0.625000 0.750000
vt 0.625000 0.500000
vt 0.375000 1.000000
vt 0.375000 0.750000
vt 0.625000 0.000000
vt 0.375000 0.250000
vt 0.375000 0.000000
vt 0.375000 0.500000
vt 0.125000 0.750000
vt 0.125000 0.500000
vt 0.625000 0.250000
vt 0.875000 0.750000
vt 0.625000 1.000000
vn 0.0000 1.0000 0.0000
vn 0.0000 0.0000 1.0000
vn -1.0000 0.0000 0.0000
vn 0.0000 -1.0000 0.0000
vn 1.0000 0.0000 0.0000
vn 0.0000 0.0000 -1.0000
s off
f 5/1/1 3/2/1 1/3/1
f 3/2/2 8/4/2 4/5/2
f 7/6/3 6/7/3 8/8/3
f 2/9/4 8/10/4 6/11/4
f 1/3/5 4/5/5 2/9/5
f 5/12/6 2/9/6 6/7/6
f 5/1/1 7/13/1 3/2/1
f 3/2/2 7/14/2 8/4/2
f 7/6/3 5/12/3 6/7/3
f 2/9/4 4/5/4 8/10/4
f 1/3/5 3/2/5 4/5/5
f 5/12/6 1/3/6 2/9/6
o Cube.001_Cube.003
v -0.267549 3.442072 -10.916590
v -0.267550 3.339764 0.540637
v 0.701518 4.182960 -10.909973
v 0.701517 4.080652 0.547253
v -0.701517 4.009648 -10.911521
v -0.701518 3.907341 0.545705
v 0.267550 4.750536 -10.904905
v 0.267549 4.648229 0.552321
vt 0.875000 0.500000
vt 0.625000 0.750000
vt 0.625000 0.500000
vt 0.375000 1.000000
vt 0.375000 0.750000
vt 0.625000 0.000000
vt 0.375000 0.250000
vt 0.375000 0.000000
vt 0.375000 0.500000
vt 0.125000 0.750000
vt 0.125000 0.500000
vt 0.625000 0.250000
vt 0.875000 0.750000
vt 0.625000 1.000000
vn 0.0000 0.0089 -1.0000
vn 0.7944 0.6074 0.0054
vn -0.6074 0.7944 0.0071
vn -0.0000 -0.0089 1.0000
vn 0.6074 -0.7944 -0.0071
vn -0.7944 -0.6074 -0.0054
s off
f 13/15/7 11/16/7 9/17/7
f 11/16/8 16/18/8 12/19/8
f 15/20/9 14/21/9 16/22/9
f 10/23/10 16/24/10 14/25/10
f 9/17/11 12/19/11 10/23/11
f 13/26/12 10/23/12 14/21/12
f 13/15/7 15/27/7 11/16/7
f 11/16/8 15/28/8 16/18/8
f 15/20/9 13/26/9 14/21/9
f 10/23/10 12/19/10 16/24/10
f 9/17/11 11/16/11 12/19/11
f 13/26/12 9/17/12 10/23/12
o Cube.002_Cube.004
v 0.622565 3.804624 -10.916555
v 0.724642 3.811482 0.540568
v -0.198032 4.740565 -10.909804
v -0.095956 4.747423 0.547318
v 0.095956 3.342877 -10.911587
v 0.198032 3.349735 0.545536
v -0.724642 4.278819 -10.904837
v -0.622565 4.285676 0.552287
vt 0.875000 0.500000
vt 0.625000 0.750000
vt 0.625000 0.500000
vt 0.375000 1.000000
vt 0.375000 0.750000
vt 0.625000 0.000000
vt 0.375000 0.250000
vt 0.375000 0.000000
vt 0.375000 0.500000
vt 0.125000 0.750000
vt 0.125000 0.500000
vt 0.625000 0.250000
vt 0.875000 0.750000
vt 0.625000 1.000000
vn -0.0089 -0.0006 -1.0000
vn -0.6592 0.7519 0.0054
vn -0.7519 -0.6593 0.0071
vn 0.0089 0.0006 1.0000
vn 0.7519 0.6593 -0.0071
vn 0.6592 -0.7519 -0.0054
s off
f 21/29/13 19/30/13 17/31/13
f 19/30/14 24/32/14 20/33/14
f 23/34/15 22/35/15 24/36/15
f 18/37/16 24/38/16 22/39/16
f 17/31/17 20/33/17 18/37/17
f 21/40/18 18/37/18 22/35/18
f 21/29/13 23/41/13 19/30/13
f 19/30/14 23/42/14 24/32/14
f 23/34/15 21/40/15 22/35/15
f 18/37/16 20/33/16 24/38/16
f 17/31/17 19/30/17 20/33/17
f 21/40/18 17/31/18 18/37/18
o Cube.003_Cube.005
v -0.804734 1.991262 -0.514059
v -0.804734 3.675080 -0.514059
v -0.804734 1.991262 -3.041779
v -0.804734 3.675080 -3.041779
v 0.842832 1.991262 -0.514059
v 0.842832 3.675080 -0.514059
v 0.842832 1.991262 -3.041779
v 0.842832 3.675080 -3.041779
v -0.804734 2.305160 -2.666970
v -0.804734 3.364743 -0.880915
vt 0.625000 0.250000
vt 0.375000 0.500000
vt 0.375000 0.250000
vt 0.625000 0.750000
vt 0.375000 1.000000
vt 0.375000 0.750000
vt 0.125000 0.750000
vt 0.125000 0.500000
vt 0.875000 0.500000
vt 0.625000 0.500000
vt 0.625000 1.000000
vt 0.875000 0.750000
vn 0.0000 0.0000 -1.0000
vn 0.0000 0.0000 1.0000
vn 0.0000 -1.0000 0.0000
vn 0.0000 1.0000 0.0000
s off
f 28/43/19 31/44/19 27/45/19
f 30/46/20 25/47/20 29/48/20
f 31/44/21 25/49/21 27/50/21
f 28/51/22 30/46/22 32/52/22
f 28/43/19 32/52/19 31/44/19
f 30/46/20 26/53/20 25/47/20
f 31/44/21 29/48/21 25/49/21
f 28/51/22 26/54/22 30/46/22
